Mixture	B cells naive	B cells memory	Plasma cells	T cells CD8	T cells CD4 naive	T cells CD4 memory resting	T cells CD4 memory activated	T cells follicular helper	T cells regulatory (Tregs)	T cells CD4	T cells gamma delta	NK cells resting	NK cells activated	Monocytes	Macrophages M0	Macrophages M1	Macrophages M2	Dendritic cells resting	Dendritic cells activated	Mast cells resting	Mast cells activated	Eosinophils	Neutrophils	P-value	Correlation	RMSE
ESCC-P13-T1	0.023715322	0	0.151177252	0.16035211	0	0.067617843	0.087914104	0.103805814	0	0.103805814	0	0.045938947	0.015205428	0.021646161	0.108033249	0.037984313	0.140354127	0	0	0	0.029357997	0	0.006897335	0	0.185581612	1.005386964
ESCC-P16-T1	0	0.221949698	0.009621557	0.170633093	0	0.06481121	0	0.21442541	0	0.21442541	0	0.052576978	0.012504478	0.070490398	0	0	0.148029949	0	0.02554029	0	0.009416939	0	0	0	-0.023137895	1.102816943
ESCC-P06-T1	0.03486917	0	0.212586958	0.159879419	0.004261427	0	0	0.138549814	0	0.138549814	0	0	0.071371617	0.016161495	0.091586661	0.051225088	0.093181607	0	0.088285218	0	0.031080539	0	0.006960988	0	0.054282053	1.060923487
ESCC-P08-T1	0	0	0.321649402	0.017448549	0.213962706	0	0	0	0.010576052	0.010576052	0	0.114938227	0.001355072	0.020790907	0	0.039822161	0.054665496	0	0.10127958	0	0.092979908	0	0.010531939	0	0.064786321	1.060886795
ESCC-P09-T1	0.103338527	0	0.06728704	0.171430141	0	0.120587318	0.00611113	0.154920797	0	0.154920797	0	0.054118602	0	0	0.109416644	0.114476789	0.080710251	0	0.014818776	0.000187724	0	0	0.002596263	0	0.226790322	0.999795374
ESCC-P05-T1	0	0	0.246692283	0.197974807	0	0.152847103	0.046523442	0.037708369	0	0.037708369	0	0.011179799	0.006085901	0.045023912	0.020837072	0.082073441	0.049130376	0.025305829	0.057804684	0.018535959	0	0.002277023	0	0	0.120311982	1.037346141
ESCC-P01-T1	0.015269957	0	0.078816148	0.127298082	0	0	0.042694465	0.099590977	0	0.099590977	0	0.070755084	0.037777686	0.008302084	0.035003727	0	0.268420062	0	0.190183453	0.025888275	0	0	0	0	0.05216387	1.066708551
ESCC-P02-T1	0	0.025583392	0.277344477	0.000939467	0.06824037	0.099870041	0.060837686	0	0	0	0	0.04784128	0.029676415	0.004046736	0.168080908	0	0.055797158	0	0.072359849	0	0.08938222	0	0	0	0.046126397	1.063798309
ESCC-P11-T1	0	0	0.037853943	0.421812801	0	0.01927449	0	0.109576678	0.057115806	0.166692484	0	0.089247136	0	0.065933794	0	0.010740896	0.067288342	0.048578189	0.038365557	0	0.034212368	0	0	0	-0.016994853	1.136368711
ESCC-P10-T1	0.015698981	0	0.046088813	0.059044352	0.074141386	0.18969385	0	0	0	0	0	0.076490552	0	0	0.274717634	0.085725746	0.098502069	0	0	0	0.079896616	0	0	0	0.235730632	1.001535424
ESCC-P12-T1	0	0.000405396	0.138899924	0.009447687	0	0.256748362	0	0.118107509	0.004006051	0.12211356	0	0.014879962	0.098132809	0.059496647	0.080287084	0.013732539	0.08128529	0.002611351	0.005014023	0.103947021	0	0.012998344	0	0	0.068692566	1.053213657
ESCC-P07-T1	0.080345488	0	0.058039216	0.046990665	0	0.078986614	0	0.046303833	0.04820821	0.094512043	0	0.021606264	0	0	0.451827951	0.00230926	0.067424036	0	0	0	0.097958463	0	0	0	0.208191588	1.035214409
ESCC-P04-T1	0.061942504	0	0.244283584	0.024818927	0	0.15120634	0.074469595	0	0	0	0	0.040698234	0.013549039	0	0.063618222	0.019226	0.207912861	0	0.068101563	0.029515131	0	0	0.000657999	0	0.118193716	1.025986249
ESCC-P21-T1	0	0	0.053901165	0	0	0.363130718	0	0.011396827	0	0.011396827	0	0.116313641	0	0	0.249264359	0.031003376	0.053122804	0	0.024447073	0	0.097420036	0	0	0	0.091692108	1.066743693
ESCC-P22-T1	0	0	0.058851312	0.133290477	0	0.190741839	0	0.075670529	0.073932976	0.149603505	0	0.079442971	0	0.02262785	0	0	0.061424506	0.186506208	0.02738727	0	0.034029885	0	0.056094178	0	-0.012090934	1.091538484
ESCC-P03-T1	0	0	0.111223459	0.070440835	0	0.154534278	0	0.067438291	0.006332167	0.073770458	0	0.213658212	0	0.03279641	0.038321214	0.009670339	0.183375835	0	0.035074611	0	0.076747002	0.000387348	0	0	-0.008743495	1.099779186
ESCC-P17-T1	0.020415094	0	0.104139405	0.063367646	0	0.273815073	0	0.020599015	0.000220729	0.020819744	0	0.097336291	0	0.014872566	0.030137834	0.03633744	0.111726914	0	0.197690159	0	0.023518797	0	0.005823036	0	0.089317255	1.057640901
ESCC-P20-T1	0.09425152	0	0.23730329	0.035769088	0	0.116522652	0	0.07661486	0.01773143	0.09434629	0	0	0.032701417	0.000532444	0.15380533	0.008322736	0	0	0.179436223	0	0.045325443	0	0.001683567	0	0.08194544	1.052074105
ESCC-P13-T3	0.110174936	0.048656308	0.104869946	0.112173969	0	0.268599088	0	0.023934018	0	0.023934018	0	0.072945467	0	0	0.026065484	0.071848783	0.094060119	0	0.004795942	0	0.032927691	0	0.02894825	0	0.435476031	0.899312886
ESCC-P16-T3	0.071925362	0.019597293	0.03736736	0.290774625	0	0.107862567	0	0.160555393	0	0.160555393	0	0.006204402	0.047089009	0.024280296	0	0.037238414	0.124955134	0.046461468	0.003949349	0.017146569	0.004592761	0	0	0	-0.014674229	1.112513694
ESCC-P14-T3	0.3491922	0.055567809	0.060053344	0.014674301	0	0.219561368	0.025590325	0.098143417	0	0.098143417	0	0.010194121	0	0	0.041785447	0.010973422	0.086799497	0	0.024427533	0.003037214	0	0	0	0	0.545851435	0.840537655
ESCC-P06-T3	0.211981993	0	0.041164803	0.172633637	0	0.146805692	0	0.158729685	0.009133836	0.167863521	0	0.042620333	0.000961532	0.025306683	0	0.039108263	0.084935272	0	0.05182969	0.006694304	0	0	0.008094277	0	0.074240032	1.067903069
ESCC-P08-T3	0	0	0.066205058	0.245491628	0	0	0.134211679	0.177566535	0	0.177566535	0	0.053499129	0.020397304	0.02918527	0	0.078391956	0.067445212	0	0.078233773	0.036268426	0	0	0.013104029	0	0.043914784	1.082272855
ESCC-P19-T3	0.015631618	0	0.002661761	0.420839892	0	0.096017373	0.088961085	0.053076401	0.031360578	0.084436979	0	0.050292871	0.02484914	0.019092677	0.00855347	0.047362025	0.110168133	0.003613013	0.002756017	0.007946445	0	0	0.016817501	0	0.267512475	1.00275658
ESCC-P09-T3	0.093919622	0	0.026634345	0.393927421	0	0	0.032497371	0.12982977	0.01112181	0.14095158	0	0.020547099	0.020245102	0.022127909	0	0.108716915	0.058441243	0.017556995	0.060542313	0	0	0	0.003892085	0	0.11113264	1.073729852
ESCC-P05-T3	0	0	0.055686243	0.17056651	0	0.213210635	0.031454036	0.010537491	0	0.010537491	0	0.072087577	0	0.024948167	0	0.25354112	0.105523476	0.014580271	0.005236942	0	0.042627532	0	0	0	0.156616366	1.07047259
ESCC-P01-T3	0.006613241	0.002233126	0.091486019	0.252578028	0	0	0	0.043783019	0.003404481	0.0471875	0	0.030663383	0.011118094	0.025637059	0	0.040306892	0.433491519	0	0	0.058685139	0	0	0	0	0.395194802	0.918948144
ESCC-P25-T3	0.02811003	0	0.048500638	0.178606262	0	0.179810116	0	0.08086767	0.011352916	0.092220586	0	0	0.082214642	0.021839913	0	0.135127912	0.128767406	0.016551123	0	0.07722724	0	0	0.011024131	0	0.103810656	1.059568036
ESCC-P23-T3	0.005242618	0	0.016783686	0.22630163	0	0	0	0.255639934	0.019135465	0.274775399	0	0.009388402	0.012462928	0	0.227553905	0.014582351	0.178610618	0.01047921	0	0	0.009262211	0	0.014557042	0	0.090960131	1.071560907
ESCC-P11-T3	0.047272806	0	0.024315094	0.2508216	0	0.090647232	0	0.115032829	0.002450461	0.11748329	0	0.020575058	0.083562732	0.025457255	0.046274925	0.171138537	0.11579191	0	0	0.006659561	0	0	0	0	0.143287714	1.062331385
ESCC-P10-T3	0	0	0.162528206	0.018192932	0.015213429	0.073111636	0	0.093928435	0	0.093928435	0	0	0.069873407	0.009551055	0.02438545	0.12406013	0.164650449	0	0	0.244504872	0	0	0	0	0.188870322	1.010250413
ESCC-P12-T3	0.005423745	0	0.060838725	0.075938897	0	0.171349336	0.002693296	0.085448163	0.006787658	0.092235821	0	0.175827489	0	0.022922467	0.038023069	0.037593699	0.151018447	0.048380296	0.046365007	0.070727074	0	0	0.000662631	0	0.117302548	1.038878454
ESCC-P07-T3	0	0	0.018574168	0.240004202	0	0.044435405	0.159062477	0	0	0	0	0.075223219	0.002760806	0.051809186	0.026506854	0.068152858	0.267372296	0.009542456	0	0.02273541	0	0	0.013820663	0	0.187925212	1.013110153
ESCC-P04-T3	0.003291925	0	0.133012135	0.086667726	0.036409865	0.151856927	0.012789276	0.071324825	0	0.071324825	0	0.059003763	0	0.028233281	0.147794349	0	0.138543505	0.025579892	0	0.062685172	0	0.023121062	0.019686299	0	0.042962554	1.058587992
ESCC-P21-T3	0.024410321	0.003733031	0.031848614	0.046764463	0	0.315718038	0.021370678	0.01426538	0	0.01426538	0	0.066625838	0	0	0.036292481	0.037825627	0.07330305	0	0.056127569	0	0.140498661	0	0.131216249	0	0.278385885	0.975503944
ESCC-P22-T3	0.025608501	0	0.027379675	0.075627803	0	0.131602713	0	0.137899419	0	0.137899419	0	0	0.079257579	0.029587484	0.034962708	0.022567932	0.255234136	0.008356732	0.005993598	0.152289444	0	0	0.013632277	0	-0.004793818	1.082659065
ESCC-P03-T3	0.006144479	0	0.061848366	0.137746421	0	0.144230963	0.037039507	0.022207384	0	0.022207384	0	0.065656999	0	0.013387122	0.059343086	0.104762685	0.182736362	0.001846393	0.012741031	0	0.025058046	0.075737272	0.049513884	0	0.367094365	0.931236971
ESCC-P17-T3	0.025260943	0	0.045155529	0.053125863	0	0.299704615	0.008541971	0.013110286	0	0.013110286	0	0.054783797	0	0	0.024631179	0.073092606	0.145272532	0.002067936	0.076106646	0	0.096445701	0	0.082700396	0	0.382084146	0.924805481
ESCC-P18-T3	0.034637264	0	0	0	0	0.051204886	0.034125042	0.001490103	0	0.001490103	0.00679272	0	0	0	0.022999763	0	0.12139859	0	0.007166521	0.129940184	0.044552356	0	0.54569257	0	0.4417308	0.956211888
ESCC-P20-T3	0.011603044	0	0.029342991	0.057688458	0	0.17638876	0	0.141498104	0.044512937	0.186011041	0	0.02876128	0	0	0.253896674	0.026102041	0.123133005	0	0.010041737	0	0.071887689	0	0.025143279	0	0.326977002	0.954216677
